Imagen 720p.jpg
1 hilos
0.267881184
1.372927406
1.151711578
2.148682562
3.073683556
3.754558414
6.711105564
2 hilos
0.149130046
0.333278433
1.402535120
1.053081275
2.511741008
2.090448174
2.682684227
4 hilos
0.092671545
1.813130961
0.317938722
1.508339597
0.790480075
0.975466266
1.357820931
8 hilos
0.089798681
0.166388803
1.771783419
0.304520422
0.439696537
1.472055809
1.256127423
16 hilos
0.066077906
0.106058224
0.167031486
1.747153496
0.366112284
1.530983398
0.634773135
Imagen 1080p.jpg
1 hilos
1.392936339
1.445041018
3.382872755
4.187407546
7.383929297
9.484881567
12.050767189
2 hilos
0.356124040
1.224434717
1.366531927
2.163956196
3.372790727
4.315062324
6.048551340
4 hilos
1.772294078
0.436029832
1.266950039
1.125550073
2.259780218
2.220466889
3.068103756
8 hilos
1.808538814
0.291940181
0.455306298
0.640361077
1.046549597
1.209646899
2.388107317
16 hilos
0.163494338
1.749516392
0.387841183
1.433961009
1.172263036
1.066653329
1.424042278
Imagen 4k.jpg
1 hilos
3.670282735
5.683464361
11.609475341
16.681151684
26.496158057
34.017067358
48.086127667
2 hilos
1.315084919
3.010935375
5.369349831
9.471578817
13.413588397
17.188897919
24.143526060
4 hilos
0.808617777
2.349819435
3.173213439
4.430824118
7.159452413
9.259416603
12.210610755
8 hilos
1.409822684
1.004187717
2.414018621
2.384705039
4.392281299
4.550610564
7.716356932
16 hilos
0.535457840
1.087004188
2.544268626
2.278369797
4.665467744
4.168294529
6.344632413
